45904.1376738367,515291.638671837,159801.574506531,177547.039257306,232393.95963502,722172.290583429
515291.638671837,8232413.68879184,1698006.17934286,2496616.04054735,2422015.00203959,7241587.61483102
159801.574506531,1698006.17934286,583339.9882,600857.318467755,831444.077139592,2641247.71661469
177547.039257306,2496616.04054735,600857.318467755,806381.343041796,862519.67097951,2582758.40458424
232393.95963502,2422015.00203959,831444.077139592,862519.67097951,1234760.06810596,3789792.78551951
722172.290583429,7241587.61483102,2641247.71661469,2582758.40458424,3789792.78551951,15300126.3024247
