0.000370787853061224,8.66177306122448e-05,-1.75058938775514e-05,1.03279632653061e-05,0.000805601975510202,0.0507271191836735,9.22997142857143e-05
8.66177306122448e-05,0.000126495057142857,-6.6132204081633e-06,3.67335959183672e-05,0.000791073995918366,0.00483566408163262,0.000102552775510204
-1.75058938775514e-05,-6.6132204081633e-06,3.37015918367347e-06,-8.5135102040814e-07,-4.78939959183679e-05,-0.00191223551020413,-5.7129795918368e-06
1.03279632653061e-05,3.67335959183672e-05,-8.5135102040814e-07,2.43242816326529e-05,0.000260291595918366,0.00296312571428571,3.46830408163264e-05
0.000805601975510202,0.000791073995918366,-4.78939959183679e-05,0.000260291595918366,0.00693295783265304,0.13748987632653,0.00088749032653061
0.0507271191836735,0.00483566408163262,-0.00191223551020413,0.00296312571428571,0.13748987632653,12.7089331020408,0.0157470163265307
9.22997142857143e-05,0.000102552775510204,-5.7129795918368e-06,3.46830408163264e-05,0.00088749032653061,0.0157470163265307,0.000114188571428571
