0.00134107130853499,0.000807759687768284,0.000764033346884019,0.000867067776615564,0.000937672139337178,0.00113596686975638,0.000538941334522439,0.00119938299328566,0.000871638371389703,0.000835279137288765,0.000636072109666371,0.000737027937597131,0.00076150181106676,0.000779941510134251,0.000658149382614803,0.000527544938627039,0.00114914475998215,0.00104231247523572,0.00103387266124927,0.000864392983674956,0.000725743772017913,0.000851855067133921,0.00054306442288082,0.000928233995317657,0.000781532886185536,0.00116105593736269,0.000742937669892422,0.0013035546424392,0.000790476624710258,0.00107085308250424,0.00128212966673773,0.000801908840687937,0.0010594761319766,0.000655313141518061,0.000762880045847932,0.00146895761914357,0.00057983161897787,0.0011768590410759,0.00057372785963046,0.000682387771237224,0.000746664137503711,0.000949205165492849,0.000617919140690478,0.000625933587966737,0.000676093728448632,0.000970292002339077,0.0006158593082798,0.00159129721813571,0.000629556154672716,0.00051023253606809,0.00103660442837166,0.00102390820172685,0.000751075064217321,0.00105552946318328,0.000686100755262432,0.00130500794014561,0.000733857288082356,0.000727314479319852,0.00117438460293675,0.000693664092952102,0.00103075222862658,0.000504108949156896,0.000767154858635045,0.000937500611820597,0.000636470336219009,-0.000388808918315694,0.00072293764749044,0.00074895686063098,0.000791701166456101,0.00105713205558663,0.000643462405783083,0.00079232942822955,0.000801670554063835,0.000489140134598,0.00105804176307476,0.000922656165102549,0.000790216805478384,0.000828266524634771,0.000573789987787063,0.000717460846786476,0.000802675803460159,0.000302457943795902,0.000946295370448802
0.000807759687768284,0.000976995721980359,0.000773970299088227,0.000751971332928187,0.000772918759944701,0.000926406208316161,0.000812930780821628,0.00103126630680093,0.000785585797226258,0.000523261591110687,0.000637159846596622,0.000627947334100628,0.000641543578662344,0.000807744868438628,0.00070050017029538,0.000579457015369956,0.000889348387189496,0.000814203177328924,0.000952024648817472,0.000492361653493012,0.000696953373662846,0.000813213601686215,0.000477213580742715,0.000811505971337048,0.000744414911000016,0.000857203898351018,0.000626622182437105,0.0012754844688256,0.000653481508939133,0.000887713778273249,0.0010087847895397,0.000663070021125477,0.000767388255562174,0.000626263773161046,0.000732690852378283,0.00108919267954194,0.000690064434838031,0.000884725025023778,0.000600779084541109,0.000458105381934858,0.000645064608317295,0.000805532215250647,0.000461636007711322,0.000614174627383171,0.000536953878241885,0.00141448237567491,0.000670143828878534,0.00147029969671989,0.0006968416454284,0.000377529964377766,0.000835896435080642,0.000848168721826177,0.00066511232473414,0.000808974876207312,0.000657531834064822,0.000950065651854393,0.000702030769947606,0.00069786720339614,0.000979431548817014,0.000615642853228879,0.000740703673107696,0.000612582880575524,0.000687528410545144,0.000648593545986328,0.000583669192644507,4.7045778658453e-05,0.000719844854588454,0.000832515469247669,0.000698500383882544,0.000810368616543154,0.000709427408551954,0.000828390162319201,0.000532329526641125,0.00052985249913132,0.000866242538486754,0.000864283393223713,0.000656321299308463,0.000426281256891085,0.000501612823028712,0.000650236336970875,0.000736618239639978,0.000211727935970685,0.000670309561157902
0.000764033346884019,0.000773970299088227,0.000945133915648546,0.000793327950066329,0.000712748658467562,0.000879150411035624,0.000633929721753343,0.000969495015335027,0.000832932480057676,0.000365419961620894,0.000621437211929695,0.000578828714339608,0.000563599474004842,0.00077787607027877,0.000578962598189167,0.000542490271284993,0.000806903870561425,0.000621729871931842,0.00064119612565779,0.000534585219684038,0.000527417252933837,0.00100252451811523,0.000502427204525521,0.000779998511150178,0.0006790507460871,0.000821168945652848,0.000522325140065999,0.000878412182524489,0.000538855544132202,0.000853758263740775,0.000971260969951821,0.000610767710729482,0.000778071167088173,0.000533302786615755,0.000629986835721028,0.00113243718746751,0.000543462786142515,0.000896340221540656,0.000507737562851211,0.000452928960065488,0.000587448650082607,0.000813345113754671,0.000510217339636579,0.000643699173519798,0.00055455828526732,0.000614982915075156,0.000650699227660412,0.00124270471716782,0.000641610685881376,0.000380225596508465,0.000678204555368525,0.000692155137940439,0.000620925837270584,0.000864523823646827,0.000630616826043156,0.000896551094377044,0.000657042550442928,0.000575816062516983,0.000953533028286148,0.000463753648420618,0.00074976924079408,0.00051461457088905,0.000570144328530718,0.000683815958469393,0.00054508502677107,-5.22287640976686e-05,0.000620267210245965,0.000490425187963624,0.000724811926607739,0.000779243446306019,0.000699834230549229,0.000707939538956647,0.000503963582214395,0.000483889980862742,0.000843859884562055,0.000780358270601387,0.000499275321702765,0.000453620654254139,0.000495998264953171,0.000664676979346902,0.000644734690891049,0.000245619010100949,0.000594076389943055
0.000867067776615564,0.000751971332928187,0.000793327950066329,0.00130437058202341,0.000951475479955804,0.000888279706695366,0.000469197256850083,0.000772586752082656,0.00101390705241309,0.000747426997699611,0.000674843670666717,0.000659949590489631,0.000761537089367925,0.000710955291751792,0.000739199948202287,0.000638574851175615,0.000891412788341758,0.000900446923770274,0.000643405387765268,0.000725516551829689,0.000593860497231609,0.000890251355910736,0.000473927290709967,0.000897766674262733,0.000566271111777032,0.000996216621549739,0.000742967792467099,0.000900129806789355,0.000890114944795202,0.00109520234243067,0.000924198882995083,0.000858837506558158,0.00100672718631453,0.000632578738835699,0.000720537304925896,0.0010530232707049,0.000727183565336057,0.00101812234314326,0.000671332230585539,0.000687589837535287,0.000835045333247306,0.000923222503112573,0.000594216942932883,0.000725782805861599,0.00066321163229455,0.000359110593517415,0.000650136884518094,0.0013424367563998,0.000683562290184938,0.000527013636055376,0.000542421936219889,0.000629598331769343,0.000746672033530987,0.00108711967905496,0.000908220819203332,0.00109534493148955,0.000711628949383957,0.00071126467689775,0.00109915796663174,0.000784612178389088,0.000524755437171838,0.000666676749380281,0.000837944467582479,0.000900962113450258,0.000509702889852001,-0.000373274046665369,0.000916424321113538,0.000416601118520295,0.00126515274360092,0.000896399030880371,0.000649752672063353,0.00073741351961691,0.000782748444753922,0.000622380269192099,0.0010161041542488,0.000970838866200218,0.000745848821748348,0.000670395807551438,0.000784482244628528,0.000627391985065712,0.000878661737401034,0.00020930657289805,0.00101554224267536
0.000937672139337178,0.000772918759944701,0.000712748658467562,0.000951475479955804,0.00122802201952512,0.00100198807456753,0.000731244339864278,0.000955829441257253,0.000845884798731814,0.000916531762117252,0.000678008796375766,0.000701414069578211,0.000733862955773153,0.0007838001877499,0.000678734499802017,0.000626497150857777,0.00107681889503964,0.00101976534340347,0.000770419184749605,0.000787621902262388,0.000842312294686867,0.00111021890688431,0.000571843781419173,0.000991620377309328,0.000541311374498782,0.00110890120563559,0.000809844750304685,0.00111024902921212,0.000765932595340326,0.00107067631681423,0.00114596210694285,0.000930800826696562,0.00102882544126821,0.000734875032937935,0.000806333293003399,0.00127823077981756,0.00079761658541441,0.00116648952969638,0.000849558670859587,0.000822842948463345,0.000881331398791286,0.000963979210998289,0.000645318247754364,0.00072641829726348,0.000614821516509067,0.000675164557037579,0.000882116488071511,0.00154655818002569,0.000858656533616982,0.000472002392373216,0.00081111526348769,0.000860899133065808,0.000873679907412283,0.00114164497936208,0.000940523729265999,0.00131836054463038,0.000894512830732902,0.000762258769187858,0.00119125242344975,0.000900538515604005,0.000695853588727933,0.000657042267055034,0.000952258884551135,0.00105700635046318,0.00049478461787133,-0.000313397933560836,0.00100246095558948,0.000674716858790335,0.00104362201630611,0.000946063747474918,0.000803928040938535,0.00081379431393534,0.000723478798128902,0.000683139242393415,0.0011821956044071,0.000859431644270007,0.000868407000914228,0.000851117648863348,0.000797871033789605,0.000855702903992671,0.000909730887286418,0.000251222820162722,0.000918127952713908
0.00113596686975638,0.000926406208316161,0.000879150411035624,0.000888279706695366,0.00100198807456753,0.00225451665032418,0.000761240969540281,0.00187125161668797,0.000822623030224997,0.000771985093319455,0.00061543256594398,0.000897297339654307,0.000843676694681832,0.000980960478682084,0.000600537743221696,0.000610952828540891,0.00144118219516329,0.00102717194537236,0.00203535897947451,0.000944656628991183,0.000887768616818097,0.00104548022823579,0.000710858626787559,0.000959210465255072,0.00151366082669388,0.0011893142082545,0.000676266040469203,0.00257971929406299,0.000732387410573804,0.00105484164878869,0.00177329090160999,0.00108569277901014,0.00107239081745054,0.000674742619891626,0.000942968582575157,0.00166717195167998,0.0011755103924495,0.000907614539979228,0.000449786609629546,0.000992185613239933,0.000622174610933195,0.000880934515772191,0.000569024800771834,0.00085913022189669,0.000660498289127432,0.00287451728697373,0.000722408268509614,0.00216401414657882,0.000740452018126872,0.000180538376559717,0.00130549409863916,0.00128305643746515,0.000943203316437187,0.000805309487430344,0.000381635671278697,0.00129345691849907,0.00057775717853982,0.000733955240088395,0.00152650811766732,0.000639898956051568,0.00143692073162238,0.000745839601604437,0.00059659920120682,0.000994818420027493,0.00116433571653581,0.000347359488269891,0.000527186175182731,0.00203630696271194,0.000746221861396936,0.00154980518503476,0.000678143173314632,0.00118728728614415,0.000554096494703956,0.00072588352988625,0.00134891246717361,0.000858395261351756,0.000622751897020848,0.00111256411473114,0.000230997839898044,0.000859437175801264,0.000582945932676143,0.000373250213446092,0.00106337519786556
0.000538941334522439,0.000812930780821628,0.000633929721753343,0.000469197256850083,0.000731244339864278,0.000761240969540281,0.00201102237190567,0.000654575571801922,0.000694002436360969,0.000428866811823353,0.000648978576169921,0.000559303964927672,0.000412138064570702,0.000806701978722871,0.00069312940256449,0.000574684438879822,0.000697444722174509,0.000672697219387316,0.000326793799468203,0.000471802025130511,0.000634236894386814,0.000859693267641131,0.000382626215889073,0.000759148890913366,0.000429316233289234,0.000691534420739442,0.000520415985287679,0.000777180964477422,0.00038017961285261,0.000559589827800059,0.000582986021102874,0.000574197542097436,0.000503863533604282,0.000561102235800452,0.000615532371829624,0.000405558517144706,0.000574930357729415,0.0006582963811502,0.000524705863454297,0.000260662573048086,0.000723955361069801,0.000717619480771592,0.000313075429346007,0.000502109089066265,0.000410869708423587,0.000231959534601688,0.000664719846915312,0.00100593710256345,0.000647262509371859,0.000445889363704067,0.000632905581334116,0.000358504540821427,0.000579981051051225,0.000832202503975041,0.00050094690242475,0.000807685660600952,0.000552416707370476,0.000548777241992068,0.000393063859722958,0.000534127290729859,0.000500467935710665,0.000684478755337365,0.000575649567821725,0.000581525381033547,0.000325446357506648,5.14618892792671e-05,0.000640302991632099,0.00026331927217384,0.000679771170730425,0.000434164278388762,0.000573918525940201,0.000637147947822187,-0.00046258757395702,0.000519926159082554,0.000838628040565533,0.000620057188022216,0.000527552578463807,0.000248687609149966,0.000434944247161447,0.000591790188067386,0.000947793004522548,0.000183108083941146,0.000759539314940192
0.00119938299328566,0.00103126630680093,0.000969495015335027,0.000772586752082656,0.000955829441257253,0.00187125161668797,0.000654575571801922,0.0022362812160283,0.00084430790680097,0.000768947219217951,0.000682359624931444,0.0008155136150303,0.000742854070759856,0.00102837177550476,0.000589933912896114,0.000535225879981866,0.00131586113320124,0.00108366446540451,0.00225186333390014,0.000927674921708532,0.000947123812745638,0.000958978616344966,0.000713303713355228,0.000943235699895314,0.00152496350623864,0.00113129699929055,0.000592841795667498,0.00270022806477361,0.000551456159140581,0.00109612245767487,0.0017222117437421,0.000902885131552116,0.00102429771130634,0.00063979098372107,0.000927788843268642,0.00186898359786477,0.00106111941413023,0.0010008992366726,0.000594609150823012,0.000903474768467933,0.000490087871949309,0.0009264681526607,0.000651429978961853,0.000855010829384235,0.000746795489627462,0.00372062385984637,0.000754256608919797,0.00222066843284899,0.000725453515758616,0.000245770514498773,0.0016171436437949,0.00142221111202675,0.00085175230343603,0.000699206866915475,0.000444932320880242,0.00133566737127927,0.000657182792870164,0.000814961984153346,0.00147063933176654,0.00066421037473328,0.00158743943928674,0.000670465128349154,0.000622143971990884,0.000905282553305105,0.0011026175404911,0.00052279440421665,0.00054534508852714,0.00241105416206305,0.000665425717967724,0.0013466622945635,0.00073235298581715,0.00127706492041202,0.00072628891260068,0.000648982057599061,0.00119644263317172,0.0009475947236887,0.00065265914057817,0.000938699376133246,0.000189386324806965,0.00092581025177736,0.000669574958560041,0.000306102654451967,0.00066002706865072
0.000871638371389703,0.000785585797226258,0.000832932480057676,0.00101390705241309,0.000845884798731814,0.000822623030224997,0.000694002436360969,0.00084430790680097,0.00137817406042299,0.000444049865387984,0.000728442471350264,0.000747616141500581,0.000693350481340405,0.000782389668870488,0.000758010424527733,0.000541968304930404,0.000969995883988675,0.000829316038284652,0.000494178768383948,0.000727216423315471,0.000611121652641251,0.00117808940145959,0.000424649569729866,0.00101373257947302,0.000332943161196577,0.00105768795072058,0.00072425250571756,0.00069544728026446,0.000724150207897998,0.00121386931489697,0.000869191392017926,0.000852173666219252,0.00107150466502194,0.000680764512340369,0.000643740073563547,0.00100377566999477,0.000645484435772104,0.00103326785045008,0.00082143935694358,0.000672718313806225,0.000886122585825256,0.000961613776945157,0.000533160861212989,0.000624278496373765,0.000667141178018188,-1.60514996888953e-05,0.000657460241353806,0.00125049196207925,0.000721670243466666,0.000604207299774196,0.000828620607794117,0.000632981939779098,0.000784709534017994,0.00114358016275317,0.000753151386897004,0.00107456290679152,0.000713721563333418,0.00072644188745382,0.00103227448592984,0.000671366495920317,0.00046091772226642,0.000643077266266367,0.00082319175075057,0.000918262120051323,0.000272773018062002,-0.000615874253659288,0.000897879163352516,0.0002110646178845,0.00111220023003711,0.000845497356554288,0.000694209825108957,0.000728592507758803,0.000601370639821889,0.000602228809400736,0.00103888042730912,0.00101999846792085,0.000750169366214348,0.000693223136560099,0.000771758976011791,0.000624121142213824,0.000894303120927903,0.000274942934883718,0.00103642824463912
0.000835279137288765,0.000523261591110687,0.000365419961620894,0.000747426997699611,0.000916531762117252,0.000771985093319455,0.000428866811823353,0.000768947219217951,0.000444049865387984,0.00144630242891541,0.000386102702956439,0.00047102027375824,0.000746012654736912,0.00047032392771196,0.000436679230113003,0.000412577518687112,0.000863823906421806,0.00104728935710896,0.000703914342519866,0.000536544487577103,0.000777643966795867,0.000494909638111217,0.000519022651569306,0.000746834330139232,0.000531045692148388,0.000869234796432706,0.000677351171628274,0.00109842908417398,0.000603960055201473,0.000736290220782657,0.000972540755308526,0.000808030825986932,0.00083096920477354,0.000533014982714841,0.000658673790001044,0.000994539919370326,0.000594469622563745,0.00121950688498809,0.000551821213188723,0.000657113998118028,0.000610288291474765,0.000772907883132702,0.000431083731278286,0.000522681438417596,0.00051197929075084,0.000999513141169286,0.00058858103524059,0.00112077389482004,0.000552837670305514,0.000489479682085234,0.000685165085289217,0.000636430281545343,0.000445025621592778,0.00096406415534826,0.000963359861177446,0.00112579884975865,0.000663474523819917,0.000597570170719813,0.000801997300372063,0.000836454254218151,0.000708249802282806,0.000413879051197513,0.000900361328646571,0.000826555039209142,0.000650888401604895,-0.000121914136650023,0.000988310304470128,0.000813411805751522,0.000677861648342327,0.000553945929432002,0.000489772056558841,0.000598351555425745,0.000596703374808434,0.000414992328225406,0.000807907119707179,0.000615836721079219,0.000656030774333651,0.000881188002578643,0.000651259756602859,0.000721029174761845,0.000886751615439756,0.000155155315825513,0.00102206931893396
0.000636072109666371,0.000637159846596622,0.000621437211929695,0.000674843670666717,0.000678008796375766,0.00061543256594398,0.000648978576169921,0.000682359624931444,0.000728442471350264,0.000386102702956439,0.000683582295592973,0.000506379138023483,0.000517055911166407,0.000684728924637086,0.000609251453560973,0.000501523476109704,0.000657141128216251,0.000594946965797197,0.000489217914987022,0.000529289759358918,0.000589610436692396,0.000850925880674156,0.000380856696060207,0.00070479957080101,0.000483079165136966,0.00072236117023048,0.000558995688503571,0.000729172065336713,0.000525166749120666,0.000752918491833523,0.00067633039196918,0.000581200472271167,0.00067317453044089,0.000541611788000343,0.000534448465909299,0.000816746007878926,0.000512825032489276,0.000665794089129323,0.000538446063647141,0.000388570238485319,0.000626309632596107,0.000689242145786408,0.000384511153522147,0.000496801966675133,0.00051262735511835,0.000400092532788311,0.000545582453076675,0.00102922690650321,0.000551654120325241,0.000412557691067224,0.000510527967028775,0.000605014166637355,0.000553095777785088,0.00076191211076779,0.000572088400400495,0.000759379051835445,0.000639277484914069,0.00054614830573164,0.000713056828040534,0.000451893395360123,0.000439286399776796,0.000518013633520026,0.000563402927680167,0.000628220414807472,0.000358579893115388,-0.000117749028602559,0.000588454869813882,0.000265500479026846,0.000775023558111259,0.000665770096026898,0.000586148433687373,0.000533855501425607,0.000408913182094116,0.000487535657680726,0.000772045698737795,0.000688091971759951,0.000489884500525588,0.00034814872765944,0.000557561519439124,0.000565596804667573,0.000699401604629616,0.000172899049267681,0.000670986541704008
0.000737027937597131,0.000627947334100628,0.000578828714339608,0.000659949590489631,0.000701414069578211,0.000897297339654307,0.000559303964927672,0.0008155136150303,0.000747616141500581,0.00047102027375824,0.000506379138023483,0.000742360065632084,0.000584984744124469,0.000651381785071386,0.000516937435729337,0.000399638293386851,0.000835372344076532,0.000655341993441594,0.000807701266004484,0.000623804761952304,0.000547656561677292,0.000647840989521917,0.000481497240367824,0.000713059017149519,0.000552357819330113,0.000798831307258093,0.000553269553369486,0.00108451534749387,0.000540692082996233,0.000856725571791227,0.000861068753904538,0.000692175797537691,0.000798386184296133,0.000522998435323095,0.000603377670079276,0.000787587610951881,0.000546894251049685,0.000713493043084981,0.00054651218618791,0.000551403091027301,0.000552447608334156,0.000658537528787613,0.000462949503619144,0.000479484862878241,0.000428406741044193,0.000877731019652018,0.000544835885743234,0.00122897231053857,0.00054372377145855,0.000363356239267929,0.000710692978955477,0.000641029322385784,0.000584169292789453,0.000798893291221244,0.000542288651298265,0.000849806571391316,0.000616212309209994,0.000540269155017777,0.000831091925894196,0.000534019081296691,0.000582020668197226,0.000476783749299641,0.000636900716777827,0.00065569218464895,0.000469554952959069,-8.55106529199772e-05,0.000618892019668932,0.000713634290840788,0.000710805630802553,0.000739016701227067,0.000555768309964426,0.000547599393899871,0.000252652766524571,0.000441055545133359,0.000796103317214408,0.000619601303806771,0.000505676759805164,0.000520722524434594,0.000502083876895059,0.000549660271405779,0.000641013501379202,0.000221495582851785,0.000875305001854457
0.00076150181106676,0.000641543578662344,0.000563599474004842,0.000761537089367925,0.000733862955773153,0.000843676694681832,0.000412138064570702,0.000742854070759856,0.000693350481340405,0.000746012654736912,0.000517055911166407,0.000584984744124469,0.00103247576175913,0.000576073967804252,0.000635827305980798,0.000501751233076952,0.00076210264551293,0.000718057983785853,0.000618653457506569,0.000542428241618322,0.000709004398285501,0.000505437004207524,0.000515047820421813,0.000687655949501183,0.000698374679774803,0.000859929126559478,0.000724762313887381,0.000765183842250596,0.000728569537265573,0.000834462128044805,0.000690604763208963,0.000764581532717916,0.000827332373310612,0.000563696526118255,0.000529206219523509,0.000691983128131982,0.00054338536196707,0.000818361152323541,0.000496660526236627,0.00051438573685367,0.000751058755962483,0.000659913330511636,0.000348096487881215,0.000542803799275725,0.000623830255336691,0.000421145800775949,0.000511055699625712,0.00102746626011654,0.000593171687208908,0.000391951909295744,0.000381223277327319,0.000727901037966063,0.000572376461302478,0.000794986702223073,0.000719438136668864,0.000959431521176443,0.000664439853527397,0.000607493232853726,0.000797276489090914,0.000711890894341679,0.000599984315453783,0.000525010749328483,0.000738942169841254,0.000798038318868644,0.000574985994828998,-0.000254003794882297,0.000851818940454228,0.000354512650782553,0.000602656401909577,0.000667206204847819,0.00058593427863676,0.000611399712583447,0.00063416669517453,0.000490176791281157,0.000894793266250663,0.000688676200278888,0.000585071611435254,0.000754413639786215,0.000562539472867945,0.000616602099444004,0.000724026415337972,0.000244750255334068,0.00102992319493178
0.000779941510134251,0.000807744868438628,0.00077787607027877,0.000710955291751792,0.0007838001877499,0.000980960478682084,0.000806701978722871,0.00102837177550476,0.000782389668870488,0.00047032392771196,0.000684728924637086,0.000651381785071386,0.000576073967804252,0.000919019337638819,0.000635876842317731,0.000548457952450435,0.000862508327502627,0.000780792858229678,0.000848445922631435,0.000546582270595284,0.000631371355238467,0.000958368117390659,0.000541119059622745,0.000809222082913739,0.000834848131820954,0.000868011104176406,0.000605004031272883,0.00122550974115264,0.000562799629003712,0.000828555518438461,0.00102209111271883,0.000712823633021049,0.000758728930479774,0.000609902793869722,0.000689309137373023,0.00101470647039224,0.000680469808750797,0.000794810856127295,0.00052662969873739,0.000534805862833111,0.000624474357856174,0.00080867222777507,0.00048463494556313,0.000570961335372451,0.000453075754492229,0.00104950854823301,0.000652220778816259,0.00138599879116131,0.000644037684897807,0.000366539013575309,0.000870426528363302,0.000790096306736637,0.000624337146932946,0.000803672854618998,0.000558492108615187,0.000912080233840147,0.000660537873390489,0.00061017553910064,0.000898790845513293,0.000564808358195783,0.000741768726007235,0.000626574260356285,0.000594224255096219,0.000671862339334311,0.000667539304859389,0.000131704369678379,0.00055005622725824,0.000729516559761918,0.000691217880334179,0.000830284139605882,0.000686725382736769,0.000739977761207677,0.000382589982973113,0.000580610591771807,0.00087239545847187,0.000745119265694861,0.000493223612297971,0.000400728018824131,0.000502768996761467,0.000685124606750534,0.000677223794028142,0.000207752207491277,0.000722490087055654
0.000658149382614803,0.00070050017029538,0.000578962598189167,0.000739199948202287,0.000678734499802017,0.000600537743221696,0.00069312940256449,0.000589933912896114,0.000758010424527733,0.000436679230113003,0.000609251453560973,0.000516937435729337,0.000635827305980798,0.000635876842317731,0.000850395877550518,0.000560994676153912,0.000697905896913565,0.00067638665096525,0.00046847658400069,0.000474554897167954,0.000596815385343,0.000748607078525204,0.000421144571967101,0.000717708976038798,0.000510126813895714,0.000717806793130085,0.000585174012175539,0.000653751559055314,0.000685777723556315,0.00072133031775741,0.000587436729384105,0.000612534098123673,0.000716753425962719,0.000597608466455567,0.000540713344797962,0.000531347973451705,0.000498477369142253,0.000636343407870739,0.000605612194882296,0.000332925596191413,0.000795440513216366,0.000713414230306789,0.000379534849092179,0.000413175100283789,0.000489174420559255,0.00040053130639571,0.000559967298128373,0.00102662814497238,0.000620884780073862,0.00046160052107371,0.000575978623891881,0.000534120571378735,0.000559532935792817,0.000788757901967618,0.000719027289803913,0.000834298287429541,0.000620704809479875,0.000585378555372723,0.000611773609213989,0.000625453977144102,0.000254960337671618,0.000545949380635261,0.000739894144536336,0.000605213148690515,0.000331793178087443,-0.000276120357497508,0.000780006645912998,1.1873618994502e-05,0.00078643409019033,0.000551578866444761,0.000585978727350115,0.000492674168158381,0.000504526685036402,0.000516093218677469,0.000796149751799286,0.000755020396855425,0.000584451419531136,0.000363786494635235,0.000625492724862294,0.000564052305868742,0.00069087877933843,0.00016800438056315,0.000848547274754003
0.000527544938627039,0.000579457015369956,0.000542490271284993,0.000638574851175615,0.000626497150857777,0.000610952828540891,0.000574684438879822,0.000535225879981866,0.000541968304930404,0.000412577518687112,0.000501523476109704,0.000399638293386851,0.000501751233076952,0.000548457952450435,0.000560994676153912,0.00074333665944267,0.000609787824245991,0.000475697849360099,0.000342433276636894,0.000405828774954896,0.000529142263272816,0.000507347250247246,0.00045432503881393,0.00057063492316812,0.000376196916997747,0.000606346381948875,0.000569686841585103,0.000570350908703018,0.000648139235799599,0.000563431755610263,0.000440891827508609,0.0005322246334426,0.000495426222177248,0.000506036908502712,0.00062675327929778,0.000470075875149987,0.000509809443988426,0.000592936541090483,0.000341757821139204,0.000360215217948455,0.00061707087937587,0.000683059140754782,0.000352686923614069,0.000428487161667742,0.000441095197015298,-9.73295536836852e-07,0.00057276784980925,0.000833824113394703,0.000642589996432292,0.000398444619686505,0.00050329639091523,0.000350275974150295,0.000550534133027548,0.000615311825232143,0.000645596057617974,0.000668749051351439,0.000571301570951096,0.000533246388401465,0.000654209063744132,0.000619823423881174,0.000391451981637144,0.000662429794458005,0.000630732715176916,0.000616895655812675,0.000220243441014739,4.28710560961768e-05,0.000680662989010668,0.00015259221295333,0.00072804552007686,0.000455702155729515,0.000631189087131544,0.000373469418535159,0.000318031952200297,0.000554798606413048,0.000678848867050675,0.000576095656557779,0.000439872251927587,0.000323228806201534,0.000526326117450166,0.000625723811363568,0.000643385530619579,0.000106813552972484,0.000792490495657245
0.00114914475998215,0.000889348387189496,0.000806903870561425,0.000891412788341758,0.00107681889503964,0.00144118219516329,0.000697444722174509,0.00131586113320124,0.000969995883988675,0.000863823906421806,0.000657141128216251,0.000835372344076532,0.00076210264551293,0.000862508327502627,0.000697905896913565,0.000609787824245991,0.00174492563277106,0.001222302803373,0.00142335784524546,0.00114767217534597,0.000944227144807511,0.00112943665440489,0.000730946108604801,0.00115573730411285,0.0011263307441431,0.00147365302928242,0.000795687216869076,0.00181842261215063,0.00082153397996252,0.00121153053686334,0.00167960314009727,0.00093126040437294,0.00146634015900754,0.0007380790611832,0.00106371090674529,0.00167116382636923,0.00119251908225321,0.00130560290581214,0.000801715085938099,0.00107365456376245,0.000838055300309727,0.00094452320585821,0.000661882833151212,0.000856995677381169,0.000851418370020751,0.00161426522762633,0.000977355025261479,0.00197957488427968,0.000937982875592727,0.000615056110170534,0.00104647117985489,0.00106246881997872,0.00102875574522921,0.00122244434842558,0.000662802124078174,0.00139229662317747,0.000908936693367702,0.000826913730767468,0.00128888647993844,0.000898247269518892,0.00125918507226515,0.000722060616371401,0.000832015508139576,0.00111633323578295,0.000730743107360819,-0.000303046474592366,0.000823022091459921,0.00116807271045387,0.00101300218399003,0.00131461834363511,0.00091352286931977,0.000956904324277275,0.000726133278692168,0.000671136152723132,0.00145790419133929,0.000957928393957373,0.000865609479011313,0.00101419745975944,0.000644692589706874,0.000983432265942792,0.000924177241291956,0.000358079303278343,0.000682410303384674
0.00104231247523572,0.000814203177328924,0.000621729871931842,0.000900446923770274,0.00101976534340347,0.00102717194537236,0.000672697219387316,0.00108366446540451,0.000829316038284652,0.00104728935710896,0.000594946965797197,0.000655341993441594,0.000718057983785853,0.000780792858229678,0.00067638665096525,0.000475697849360099,0.001222302803373,0.00151078946771911,0.00117343865568478,0.000928691030940413,0.000848391137711653,0.000891083834184367,0.000549631059427669,0.000901882128298408,0.000770467066463888,0.00113537535658892,0.000773514511130464,0.00160869795330172,0.000711156594631085,0.00108155121212366,0.00133235433970412,0.000897364968232924,0.00110020259539616,0.00064358645449775,0.000849814465881254,0.0013486582832697,0.000830621413554919,0.00120386467963175,0.000770493105419605,0.000725536378729147,0.000833001571893762,0.00099325702075127,0.000547116335488865,0.000736172370564268,0.00075691736312293,0.00133436145904592,0.000803583750259416,0.00157887980253611,0.000741323055680894,0.000619432764988582,0.000925344067734691,0.000889906476624055,0.000719970620043992,0.00112679172001095,0.000904627907334699,0.0013006209199993,0.000762039059961711,0.000703113914873192,0.000968905809844001,0.000882166430709841,0.00090287664801969,0.000592695927188587,0.00100230425012669,0.000967368396493483,0.000689500800196001,-0.000297883266273774,0.000922269275951031,0.00109792245923193,0.000836551020704295,0.000987757871097525,0.000667782350947948,0.000966845278955421,0.000803679637849126,0.000594272518876472,0.00112693498565305,0.00088908066718467,0.000863339380736792,0.000873181891098492,0.000856529001475631,0.000781464468281515,0.000960260170691978,0.000200333143468855,0.000991775619317778
0.00103387266124927,0.000952024648817472,0.00064119612565779,0.000643405387765268,0.000770419184749605,0.00203535897947451,0.000326793799468203,0.00225186333390014,0.000494178768383948,0.000703914342519866,0.000489217914987022,0.000807701266004484,0.000618653457506569,0.000848445922631435,0.00046847658400069,0.000342433276636894,0.00142335784524546,0.00117343865568478,0.00403523329696838,0.00132124587912336,0.000785649094845103,0.000564050454446369,0.000707352927494892,0.000668628600626129,0.00191779535082247,0.00107698902944886,0.000270274801242193,0.00452098295255456,0.000607089947381155,0.00105301476838813,0.00215710235770665,0.00082835038479577,0.00116240101267002,0.000342509979972347,0.00111483001267422,0.00190360073847124,0.00142776891700395,0.000639115933297114,0.000689044788715534,0.00108203618639903,9.43265829948771e-05,0.000744802431675197,0.000720279788373442,0.000901101183620863,0.000522986305853039,0.00659496317568004,0.000655827817078054,0.0029777881070798,0.000620780541195608,0.000297335752660579,0.00128725908847079,0.00169649466484976,0.000884968151623835,0.000381382626172574,-0.000146178278959424,0.00123945321142635,0.000256848052017674,0.000692601595585851,0.00162853405493753,0.000677563815908861,0.00169112703317492,0.000540830548459101,0.000332582750399199,0.000763629083375865,0.00126083998559281,0.000792531619985226,8.40540518423788e-05,0.00425971190073891,0.000482727687429815,0.00185927595167076,0.000611062054757869,0.001402868831324,0.000543848205534926,0.000489317973723206,0.00126582210073477,0.000777814221304803,0.000521879539759844,0.00114727749008552,-0.000107078306790327,0.000740098127600046,0.00079075090592534,0.000330188922028231,0.000349532391345572
0.000864392983674956,0.000492361653493012,0.000534585219684038,0.000725516551829689,0.000787621902262388,0.000944656628991183,0.000471802025130511,0.000927674921708532,0.000727216423315471,0.000536544487577103,0.000529289759358918,0.000623804761952304,0.000542428241618322,0.000546582270595284,0.000474554897167954,0.000405828774954896,0.00114767217534597,0.000928691030940413,0.00132124587912336,0.00148241151072723,0.000507411398834212,0.000728506290996009,0.000453530699081607,0.000723620914906744,0.000906726617986013,0.00112911010160765,0.000564667498308209,0.00165991698681433,0.000531404817315011,0.000958721028851696,0.00146952892057967,0.000508300175875846,0.00108522501858942,0.000410760553213965,0.000850677632961121,0.00125633412914646,0.000862178356468438,0.000779420167180318,0.000680947161992287,0.000882138807760647,0.00065894030270936,0.000688073441948332,0.000641495169904594,0.000630686137637113,0.000739796144472128,0.00126676589078949,0.000682073850566773,0.00161907465237676,0.00066407644695974,0.000640602488453258,0.000603311141057244,0.000718054079208819,0.000993200240990059,0.000923830252917197,0.000408563898792347,0.00108811271470763,0.000660851046415985,0.000573736500401624,0.00080609020325826,0.000665092057555247,0.0010798849412913,0.000529971696218309,0.000678029823117914,0.000984433209160107,0.000514130771705591,-0.000401272775498698,0.000655835509055643,0.00118398878592406,0.000858964043527809,0.00100680524582754,0.000597041405881049,0.000708372694059679,0.000473541978532173,0.000495912499286228,0.00122657735159231,0.000663635415087582,0.000685636167322465,0.000705687377800307,0.000633089628185395,0.000659803312245954,0.000940226008732225,0.000223557339976404,0.000465828320417193
0.000725743772017913,0.000696953373662846,0.000527417252933837,0.000593860497231609,0.000842312294686867,0.000887768616818097,0.000634236894386814,0.000947123812745638,0.000611121652641251,0.000777643966795867,0.000589610436692396,0.000547656561677292,0.000709004398285501,0.000631371355238467,0.000596815385343,0.000529142263272816,0.000944227144807511,0.000848391137711653,0.000785649094845103,0.000507411398834212,0.00113050619504546,0.000816183804995138,0.000576738062522838,0.000786311956187395,0.000624689988542703,0.000856575711735525,0.000634379070102684,0.00111434938295297,0.000578865473860909,0.000830746024876999,0.000723432843674276,0.0007487378251184,0.000782540411075096,0.000616980340189761,0.000619101903511728,0.00100529449103567,0.000566274849058083,0.000801295793432858,0.000642247129045738,0.000585290935747865,0.000685847476664003,0.000735496278113676,0.00031853466340551,0.000674372097701584,0.000735304377665638,0.00120946719800742,0.000696951385823903,0.00117935066659611,0.00066949322418952,0.000408838061182048,0.00061592095049749,0.00079748485347176,0.000609418979325519,0.000722400355394722,0.000720794881906678,0.000925713281976779,0.000749871517171105,0.000673140149128776,0.000809529013226656,0.00065658925971034,0.000591526422350419,0.000560080515571351,0.000705523737257077,0.000762509327023597,0.000390167450942667,3.72542781804232e-05,0.00080883905471051,0.000722987054337583,0.000737845784035744,0.000747371705291295,0.000700154345685119,0.000664970723855786,0.000491184749059141,0.000543650352846849,0.000936883616113647,0.000680509504669692,0.000646915538406954,0.000695429351510451,0.000555496064722059,0.000701070154608007,0.000654558870419529,0.000187592793192408,0.000941016512865829
0.000851855067133921,0.000813213601686215,0.00100252451811523,0.000890251355910736,0.00111021890688431,0.00104548022823579,0.000859693267641131,0.000958978616344966,0.00117808940145959,0.000494909638111217,0.000850925880674156,0.000647840989521917,0.000505437004207524,0.000958368117390659,0.000748607078525204,0.000507347250247246,0.00112943665440489,0.000891083834184367,0.000564050454446369,0.000728506290996009,0.000816183804995138,0.0024724479836887,0.000434499728942738,0.00115453964855782,0.00059648269038918,0.00110694704796154,0.000615061188365968,0.000987087294307036,0.000508937687880386,0.00116545373410571,0.0015566097460273,0.000921739822901538,0.00103609110126149,0.000755809957749466,0.00066548606964476,0.0014236992204649,0.000761056165192933,0.00113971782886889,0.000962493187812412,0.00079563865940585,0.000939476749247891,0.00116188238349323,0.000592510870834387,0.000851378129395767,0.000687172078657046,0.000576426606780697,0.000905905626695162,0.00163213793261233,0.000843798151810815,0.000411439005354998,0.000932012205320286,0.000790199638661602,0.00101558052370458,0.0013798104582977,0.000657087020088741,0.00121509853850293,0.000753365082904262,0.000690769621730572,0.00116876498473192,0.000383579986800201,0.00059109046065317,0.000483485302770344,0.000634576910976789,0.000964929467049367,0.00030316337033944,-0.000676651632980216,0.000659294930520922,0.00030116009586227,0.00105563558581644,0.00117146116520042,0.000850806998988384,0.00080245788277944,0.000732900561917839,0.000617399646174394,0.00130823979157356,0.000965021776891188,0.000813158061062265,0.000585248563802967,0.00074670344303719,0.000794841275451212,0.000901929924833143,0.000295397573791367,0.000840840337939774
0.00054306442288082,0.000477213580742715,0.000502427204525521,0.000473927290709967,0.000571843781419173,0.000710858626787559,0.000382626215889073,0.000713303713355228,0.000424649569729866,0.000519022651569306,0.000380856696060207,0.000481497240367824,0.000515047820421813,0.000541119059622745,0.000421144571967101,0.00045432503881393,0.000730946108604801,0.000549631059427669,0.000707352927494892,0.000453530699081607,0.000576738062522838,0.000434499728942738,0.0008737611550934,0.00052900168817099,0.000777329160012707,0.000622400439017029,0.000450620714148057,0.000795988959632053,0.000578102950501748,0.000519722614297637,0.000641375720321591,0.000578298974540753,0.000612884738596709,0.000368537941632796,0.000573525572360446,0.000726363768495584,0.000555906069214798,0.000615775541635031,0.000386457839332467,0.000606053531745067,0.000411646178491817,0.000566007477206505,0.000415905516772851,0.000408194433942298,0.000320909509329721,0.00104494624970993,0.000470606229918893,0.00106141381354043,0.000435196636737066,0.000264334620244405,0.000563164856250087,0.000562357415965303,0.000416528438454078,0.00053623350484065,0.000537463272447315,0.000658072369896505,0.000548440625198883,0.000454499670693782,0.000764420375938577,0.000711233679299404,0.000670044341114099,0.000474957745470289,0.00057556224022197,0.000573587362542887,0.000529751437867944,0.000320176847886294,0.0005507547451642,0.000726181823848309,0.000432764999066918,0.000535295839948598,0.000531530206980353,0.000365038634329681,4.30824177395508e-05,0.000440792023079983,0.000706773066082054,0.000440113546128827,0.000394688458643247,0.000457123008118607,0.000400843231041023,0.000585105818555502,0.000523096894442282,0.000156822289564322,0.000724424217874606
