918.891672204081,3615.58143706123,3216.66341183673,2876.42704314286,3610.18746726531,16567.3692615102
3615.58143706123,31314.2331165715,12920.8607093878,12682.0939050612,20528.9973443266,59821.1427989388
3216.66341183673,12920.8607093878,13167.2810163265,10848.9577253061,12754.6169706122,70392.4040110204
2876.42704314286,12682.0939050612,10848.9577253061,9663.88485391837,12647.6026446531,55068.8892335102
3610.18746726531,20528.9973443266,12754.6169706122,12647.6026446531,21026.0991557551,53947.2653528164
16567.3692615102,59821.1427989388,70392.4040110204,55068.8892335102,53947.2653528164,452330.954143715
